444 Β6Α3133

3433333333, G4l 333 444444444 339 Ἱ)

’ 33333 [333 33 3333333333 3333333 3 3333, [3
33333333 4444 4 cons 333 404 404 444444 3
44444444144444 444 444 4444 3333333333
4044 s 4444444444444443 444 3333333 ’
4444) 4444 4s 33333333 44 44044 ,’[3333333
’3333333333 3 333333 444 ‚ 444 33 33, 4444
44444444444444.. A. 4444 4444444444444 33333 ¹
4444444444444 4444f4444' 444440444444444
’ 444444444 444444444444444 44 4044 444444443
4444444444‘4440 4444 [33333333 4444

D 444444445 4444 occas 0 f44, 44 4444 44
4 fis 33333333333333 333333333333333
4444(q44444444144444444444 444444444
[ο A [33333333 33 444 facis , [33 33
3. 444044444450444 4444 333333333-
4444444 44444440444 444444'44 44..

4444 4444044-‚444444 444444444 [331
’ 4444, 3333333333133333333333433333
respondere, 3333 4444444 333333333- ,

333333 3333333333333333333333333333,

3333333 44 33 4444444443 33 ver 4 4444

4444

 

