18881888838888888 88
88888 888888 888 8888888888 ”, .
8888888 8888888888888888 888888ι 1 θ’
888, 88888888 888 888888 8888888888, -·.
88 8888 888 888888, 88888888 8888 8888888888» =
88888 88 ferme 8888 888888888888888888 888 .. ’
888888 888, 888 88888 8888 888 8888 8888 tuntum
8888888888 88888 888888 88888888 8888888888, ’”
ὄ8888888888888888888888888888888888·
88888888, 88888 888 sd 8888 1888888888 -
888 88888888888888888 88888888888 8888888
’ 8888 8888, 8888888 88 88888888 merati ione
aps s 888 8 88888 8888888 88888 8888888 ss mi
8888. fic] 8888888 ,8888 888888 esfi’cundo 8888 ·
888888 ter 0 8888 8888 8888888888888888,
eumsensffi declarat 888 88888 888 88888 888 ’
888888) 8888888888 8888888888 1

1888888888 8888888888, [8888888888.Ϊ κ f

. A 888 888 88888888888888888888818 ¹

nachryftfhgit 88888 8888888 8888888888
8888 888888 8888888,888888888888888888888 ’
. 88888 D 88888 88 888888 888888, 888
88 8888888, 88888 88 8888888 88888 8888 88888 ’
8888888,

 

